0 48 32 48
32 48 32 48
64 48 32 48
96 48 32 48
128 48 32 48
160 48 32 48
192 48 32 48
224 48 32 48
0 96 32 48
32 96 32 48
64 96 32 48
96 96 32 48
0 144 32 48
32 144 32 48
64 144 32 48
96 144 32 48
128 96 32 48
160 96 32 48
192 96 32 48
224 96 32 48
128 144 32 48
160 144 32 48
192 144 32 48
224 144 32 48
192 192 64 64
0 16 16 16
16 16 16 16
32 16 16 16
48 16 16 16
64 16 16 16
80 16 16 16
96 16 16 16
112 16 16 16
128 16 16 16
144 16 16 16
160 16 16 16
176 16 16 16
192 16 16 16
208 16 16 16
224 16 16 16
240 16 16 16
0 32 16 16
16 32 16 16
32 32 16 16
48 32 16 16
64 32 16 16
80 32 16 16
96 32 16 16
112 32 16 16
128 32 16 16
144 32 16 16
160 32 16 16
176 32 16 16
192 32 16 16
208 32 16 16
224 32 16 16
240 32 16 16
0 208 32 32
32 208 32 32
64 208 32 32
96 208 32 32
128 208 32 32
160 208 32 32
0 240 8 8
8 240 8 8
16 240 8 8
24 240 8 8
32 240 8 8
40 240 8 8
48 240 8 8
56 240 8 8
0 248 8 8
8 248 8 8
16 248 8 8
24 248 8 8
32 248 8 8
40 248 8 8
48 248 8 8
56 248 8 8
64 240 16 16
80 240 16 16
96 240 16 16
112 240 16 16
128 240 16 16
144 240 16 16
160 240 16 16
176 240 16 16
0 0 16 16
16 0 16 16
32 0 16 16
48 0 16 16
64 0 16 16
80 0 16 16
96 0 16 16
112 0 16 16
128 0 16 16
144 0 16 16
160 0 16 16
176 0 16 16
192 0 16 16
208 0 16 16
224 0 16 16
240 0 16 16
256 72 256 184
256 0 144 72